1.6573
2.0280
2.3987
2.7694
3.1907
3.5664
3.9421
4.3177
4.6833
5.0557
5.4281
5.8005
6.1930
6.5647
6.9364
7.3081
7.6948
8.0662
8.4376
8.8090
9.1976
9.5685
9.9393
10.3102
10.6951
11.0649
11.4348
11.8046
12.2052
12.5746
12.9439
13.3133
13.7223
14.0923
14.4622
14.8322
15.2186
15.5881
15.9576
16.3271
16.8185
17.1869
17.5553
17.8453
18.2142
18.5831
18.9520
19.8012
20.2992
20.7972
21.5103
22.0068
22.7707
23.2674
23.7641
24.4769
24.9734
25.7457
26.2397
26.7337
27.4471
27.9425
28.7181
29.2123
29.7066
30.0102
30.5048
30.9994
31.7114
32.2057
33.1783
33.6744
34.1706
34.8835
35.3792
36.0371
36.5333
37.0295
37.5591
38.0547
38.5503
39.0507
39.5457
40.0408
40.4323
40.8056
41.1789
41.5522
41.9315
42.3024
42.6734
43.0444
43.4236
43.7947
44.1658
44.5370
44.9426
45.3144
45.6863
46.0581
46.5608
46.9333
47.3058
47.5817
47.9543
48.3268
48.6993
49.0752
49.4478
49.8204
50.1929
50.5854
50.9576
51.3297
51.7019
52.0897
52.4623
52.8349
53.2074
53.5896
53.9615
54.3333
54.7051
55.1122
55.4842
55.8562
56.2282
56.6075
56.9791
57.3507
57.7223
58.1075
58.4791
58.8507
59.2224
59.7948
60.1665
60.5383
60.9100
61.5004
61.8715
62.2426
62.6195
62.9912
63.3630
63.7347
64.1288
64.5005
64.8722
65.2440
65.6391
66.0110
66.3829
66.7549
67.1407
67.5129
67.8851
68.2573
68.6437
69.0156
69.3874
69.7593
70.1489
70.5207
70.8925
71.2643
71.6527
72.0244
72.3961
72.7677
73.0473
73.4191
73.7909
74.1627
74.6608
75.0324
75.4041
75.7758
76.1369
76.5085
76.8802
77.2518
77.7538
78.1247
78.4956
78.8122
79.1836
79.5550
79.9264
80.3127
80.6840
81.0552
81.4265
81.8197
82.1909
82.5620
82.9331
83.3291
83.7005
84.0719
84.4432
84.8348
85.2063
85.5777
85.9492
86.3375
86.7091
87.0807
87.4523
87.8439
88.2154
88.5870
88.9585
89.3492
89.7206
90.0921
90.4636
91.0022
91.3739
91.7456
92.1173
92.3661
92.7374
93.1086
93.4798
93.8635
94.2344
94.6053
94.9762
95.3707
95.7412
96.1116
96.4820
96.8749
97.2456
97.6163
97.9869
98.3813
98.7520
99.1226
99.4933
99.8799
100.2508
100.6216
100.9925
101.4907
101.8618
102.2329
102.8984
103.2691
103.6398
104.0105
104.5078
104.8782
105.2486
105.5365
105.9063
106.2760
106.6458
107.0291
107.3984
107.7678
108.1371
108.6646
109.1634
109.6621
110.4515
110.9449
111.4383
112.1720
112.6651
113.1548
113.6487
114.1427
114.6922
115.1871
115.6820
116.3926
116.8873
